	0	1	2	3	4	5	6	7	8	9	10	11	12	13	14	15	16	17	18	19	20	21	22	23	24	25	26	27	28	30	31	32	33	34	35	36	38	40	45	46	48	51	57	58	60	72	74	75
Ctrl_1	0	11317774	8870236	5179704	4060326	1899441	1234834	893863	587252	426532	226497	255268	215178	74601	50232	34728	48018	25864	33065	6914	9591	71750	44921	4451	942	28564	3	4	81	81	7	7	1	134	104	97	2	369	3	7	3	6	5	1	114	3	595	5577
	0	1	2	3	4	5	6	7	8	9	10	11	12	13	14	15	16	17	18	19	20	21	22	23	24	25	26	27	28	29	30	32	34	35	36	40	45	46	48	55	57	60	74	75
Ctrl_2	0	11556673	8927293	5298269	4171175	1936043	1284021	898686	576360	427088	216117	243022	218556	59873	40789	29803	45663	23266	24266	6249	6811	48022	45634	4110	845	33671	2	5	52	1	119	4	120	97	54	299	4	1	1	3	4	57	648	4802
	0	1	2	3	4	5	6	7	8	9	10	11	12	13	14	15	16	17	18	19	20	21	22	23	24	25	26	28	29	30	31	32	33	34	35	36	40	48	57	59	60	74	75
O1O2_KO_1	0	11421670	8368744	4867266	3909807	1770345	1138517	818352	523753	391104	183944	212575	208169	49685	30804	23169	36847	19782	19989	4762	3108	24439	36676	3379	762	34550	1	41	1	121	2	13	1	56	58	45	215	1	2	2	14	443	3613
	0	1	2	3	4	5	6	7	8	9	10	11	12	13	14	15	16	17	18	19	20	21	22	23	24	25	26	27	28	29	30	32	34	35	36	40	45	46	51	55	57	59	60	74	75
O1O2_KO_2	0	13710955	10216896	5678024	4439984	2053799	1271637	918063	599990	436715	207528	228228	222842	55904	35787	25041	40358	22644	23515	5277	3881	28881	41715	3998	951	38353	1	3	51	3	111	15	55	44	112	227	1	1	1	2	5	2	26	450	3119
	0	1	2	3	4	5	6	7	8	9	10	11	12	13	14	15	16	17	18	19	20	21	22	23	24	25	27	28	29	30	31	32	34	35	36	40	45	46	48	55	57	60	74	75
O1W4_KO_1	0	11743434	8673018	4966937	3852317	1797368	1086184	735514	519369	371868	176486	191943	192298	50074	31006	21077	36213	19521	19543	4260	3263	26285	40885	2906	663	35199	2	46	1	79	2	5	50	54	55	196	2	1	5	1	3	13	393	3201
	0	1	2	3	4	5	6	7	8	9	10	11	12	13	14	15	16	17	18	19	20	21	22	23	24	25	28	29	30	32	34	35	36	40	46	48	55	57	60	74	75
O1W4_KO_2	0	12978538	9045436	5122182	3974479	1846873	1123167	765586	568681	375062	179706	198550	214563	46537	28144	19539	36003	20616	17692	3684	2274	16123	44230	2298	788	44174	48	1	66	18	29	29	72	183	1	1	1	2	14	281	2174
	0	1	2	3	4	5	6	7	8	9	10	11	12	13	14	15	16	17	18	19	20	21	22	23	24	25	27	28	29	30	31	32	33	34	35	36	40	45	46	48	55	57	60	74	75
O1W4_OE_1	0	12076403	8890571	5005203	3957283	1829873	1178471	843244	540083	396773	195597	224680	200523	57002	36154	27527	39445	20721	22636	5424	5336	36539	36806	3764	1120	29091	6	66	5	87	3	2	2	95	56	58	235	1	1	1	2	2	37	488	4552
	0	1	2	3	4	5	6	7	8	9	10	11	12	13	14	15	16	17	18	19	20	21	22	23	24	25	27	28	30	31	32	34	35	36	40	45	55	57	59	60	74	75
O1W4_OE_2	0	13380967	9793946	5470657	4242449	1957502	1230918	879162	578940	408591	205923	228466	208851	55961	36346	26775	39494	22190	22892	5460	4855	31199	38384	3892	1255	33654	6	88	92	2	6	85	83	123	231	1	2	1	2	23	488	3989
	0	1	2	3	4	5	6	7	8	9	10	11	12	13	14	15	16	17	18	19	20	21	22	23	24	25	28	29	30	31	32	34	35	36	40	46	48	55	57	59	60	74	75
O1_KO_1	0	11384159	8283831	4796212	3842248	1743365	1137879	794084	521011	379292	175129	208279	199122	48653	30856	22109	35248	19960	19534	4688	3302	24813	35253	3404	897	33676	61	3	121	1	52	84	88	122	259	2	1	3	2	2	27	609	4664
	0	1	2	3	4	5	6	7	8	9	10	11	12	13	14	15	16	17	18	19	20	21	22	23	24	25	26	27	28	29	30	31	32	34	35	36	40	45	46	48	59	60	74	75
O1_KO_2	0	11996057	8943286	5131344	4045596	1874163	1204545	820144	540867	402156	189068	213354	211321	52149	32731	24004	37104	21098	20639	5124	3214	25973	38274	3679	773	34922	2	1	33	6	115	2	21	73	67	114	217	3	2	4	1	16	557	4091
	0	1	2	3	4	5	6	7	8	9	10	11	12	13	14	15	16	17	18	19	20	21	22	23	24	25	27	28	29	30	31	32	34	35	36	40	45	48	55	57	60	74	75
O1_OE_1	0	11614896	8695899	4989530	3956828	1847487	1191107	844937	547680	399336	195238	221430	203228	52497	34968	23283	38420	21363	21403	5396	4373	31398	40078	3575	876	34865	5	62	2	109	2	5	94	65	91	240	3	5	2	6	42	528	4344
	0	1	2	3	4	5	6	7	8	9	10	11	12	13	14	15	16	17	18	19	20	21	22	23	24	25	26	27	28	30	31	32	33	34	35	36	40	45	46	48	51	55	57	59	60	74	75	84
O1_OE_2	0	11109764	8707314	5055178	3969337	1874390	1223610	868292	552029	418875	207019	230272	204756	59210	40193	26837	43889	23681	24284	6473	6009	48819	43235	4212	913	33556	1	6	49	90	3	4	1	81	65	50	237	2	1	5	1	1	6	1	51	581	3655	1
	0	1	2	3	4	5	6	7	8	9	10	11	12	13	14	15	16	17	18	19	20	21	22	23	24	25	26	27	28	29	30	31	32	34	35	36	40	45	46	48	51	55	57	59	60	74	75
O2W4_KO_1	0	13502231	10509253	6028218	4779442	2253554	1461512	996073	687355	503926	237181	270858	264988	62564	38542	27438	47883	26466	24335	5945	3642	26433	53482	3812	864	50034	1	4	28	5	90	4	2	70	65	37	177	2	2	1	1	2	1	2	47	405	3333
	0	1	2	3	4	5	6	7	8	9	10	11	12	13	14	15	16	17	18	19	20	21	22	23	24	25	26	27	28	29	30	31	32	34	35	36	40	45	46	48	57	60	74	75
O2W4_KO_2	0	13356772	10339448	5993703	4713265	2205486	1420879	981981	663201	486540	237707	267217	256572	62283	40556	28023	48719	26458	25359	5786	4319	35809	50196	4483	668	47340	1	2	28	2	108	1	4	71	60	31	187	7	2	2	1	28	452	3443
	0	1	2	3	4	5	6	7	8	9	10	11	12	13	14	15	16	17	18	19	20	21	22	23	24	25	26	27	28	29	30	31	32	34	35	36	40	45	46	48	51	55	57	58	60	74	75
O2_KO_1	0	11418430	8688986	5061814	3999390	1852813	1200775	875050	552078	415720	208047	235557	205521	59510	40251	27546	42490	23042	26334	5968	6275	48553	41249	3810	836	32711	3	4	56	1	96	1	2	80	66	79	245	6	3	3	1	5	8	2	89	527	4481
	0	1	2	3	4	5	6	7	8	9	10	11	12	13	14	15	16	17	18	19	20	21	22	23	24	25	26	28	29	30	32	34	35	36	40	45	46	55	57	59	60	74	75
O2_KO_2	0	12665790	8566257	4849682	3731409	1738230	1073272	783641	509140	365700	181858	199551	184739	50528	33156	22605	35660	20624	22843	4545	4780	30433	37807	3374	973	31754	1	61	2	96	1	45	43	77	214	4	7	3	1	1	83	401	2887
	0	1	2	3	4	5	6	7	8	9	10	11	12	13	14	15	16	17	18	19	20	21	22	23	24	25	27	28	29	30	32	34	35	36	40	46	48	57	59	60	74	75
W4_KO_1	0	11904358	8922779	5126143	4036685	1889947	1215254	821704	573406	412164	194202	222321	223908	50034	30920	21601	38843	21919	19785	4760	2671	18913	45052	2958	722	42348	2	63	1	96	9	68	37	38	198	1	4	4	1	18	424	3319
	0	1	2	3	4	5	6	7	8	9	10	11	12	13	14	15	16	17	18	19	20	21	22	23	24	25	26	28	29	30	31	32	33	34	35	36	40	45	48	55	57	60	72	74	75
W4_KO_2	0	11813432	8924909	5247398	4159483	1949821	1260742	860262	575413	424902	200684	231203	222388	52698	32977	23848	40664	22289	20419	5076	3053	25111	44038	3687	704	42283	4	27	5	123	2	3	1	90	81	46	209	2	1	1	2	22	3	498	3435
	0	1	2	3	4	5	6	7	8	9	10	11	12	13	14	15	16	17	18	19	20	21	22	23	24	25	27	28	29	30	32	34	35	36	38	40	45	46	48	51	55	57	59	60	74	75
W4_OE_1	0	12393620	8488470	4844444	3778704	1740650	1114315	809478	523803	380126	197009	219407	182597	61496	39913	26485	39489	21989	25173	5872	7324	52071	35875	4034	924	25206	11	67	2	80	4	81	108	65	2	301	5	3	4	1	3	8	2	72	540	4958
	0	1	2	3	4	5	6	7	8	9	10	11	12	13	14	15	16	17	18	19	20	21	22	23	24	25	26	27	28	29	30	32	34	35	36	38	40	45	48	51	57	58	60	72	74	75
W4_OE_2	0	11677604	8541119	4929723	3843903	1785751	1152131	810122	516269	382400	190986	211681	190660	52251	34607	24593	38376	20956	21751	5677	4904	37438	36913	3879	1001	30480	2	7	66	1	104	6	85	71	85	1	217	1	1	1	2	3	25	1	520	3933

