	14.0	15.0	16.0	17.0	18.0	19.0	20.0	21.0	22.0	23.0	24.0	25.0	26.0	27.0	28.0	29.0	30.0	31.0	32.0	33.0	34.0	35.0	36.0	37.0
Ctrl_1_1	4.0	40.0	95.0	196.0	432.0	865.0	1770.0	3740.0	8042.0	16720.0	33883.0	65442.0	115878.0	195413.0	307614.0	458903.0	641979.0	869768.0	1160067.0	1576693.0	2407061.0	5228171.0	27568949.0	2115068.0
	7.0	8.0	9.0	10.0	11.0	12.0	13.0	14.0	15.0	16.0	17.0	18.0	19.0	20.0	21.0	22.0	23.0	24.0	25.0	26.0	27.0	28.0	29.0	30.0	31.0	32.0	33.0	34.0	35.0	36.0	37.0
Ctrl_1_2	2.0	3.0	1.0	2.0	7.0	179.0	783.0	1196.0	1248.0	1451.0	1775.0	2558.0	3841.0	7092.0	14417.0	28257.0	47402.0	69451.0	95711.0	128867.0	177951.0	245087.0	340848.0	471391.0	677038.0	994916.0	1576552.0	2979223.0	8372742.0	25384617.0	1152185.0
	14.0	15.0	16.0	17.0	18.0	19.0	20.0	21.0	22.0	23.0	24.0	25.0	26.0	27.0	28.0	29.0	30.0	31.0	32.0	33.0	34.0	35.0	36.0	37.0
Ctrl_2_1	13.0	44.0	124.0	211.0	394.0	797.0	1613.0	3227.0	6436.0	12328.0	23166.0	44023.0	79879.0	139380.0	226517.0	353197.0	512238.0	712804.0	975928.0	1351045.0	2124340.0	4855541.0	29178641.0	2449703.0
	5.0	6.0	7.0	8.0	9.0	10.0	11.0	12.0	13.0	14.0	15.0	16.0	17.0	18.0	19.0	20.0	21.0	22.0	23.0	24.0	25.0	26.0	27.0	28.0	29.0	30.0	31.0	32.0	33.0	34.0	35.0	36.0	37.0
Ctrl_2_2	1.0	2.0	1.0	1.0	3.0	2.0	16.0	266.0	1081.0	1469.0	1516.0	1745.0	2155.0	2887.0	4518.0	8200.0	16901.0	34184.0	59023.0	87317.0	121113.0	165969.0	228681.0	312457.0	431242.0	591881.0	842876.0	1258926.0	2087428.0	4276891.0	11627102.0	20428498.0	457237.0
	14.0	15.0	16.0	17.0	18.0	19.0	20.0	21.0	22.0	23.0	24.0	25.0	26.0	27.0	28.0	29.0	30.0	31.0	32.0	33.0	34.0	35.0	36.0	37.0
O1O2_KO_1_1	9.0	38.0	93.0	221.0	464.0	929.0	1709.0	3238.0	6454.0	11824.0	22245.0	40915.0	72748.0	125583.0	206365.0	322106.0	469250.0	655992.0	895496.0	1247058.0	1970934.0	4501924.0	27548881.0	2406403.0
	6.0	7.0	8.0	9.0	10.0	11.0	12.0	13.0	14.0	15.0	16.0	17.0	18.0	19.0	20.0	21.0	22.0	23.0	24.0	25.0	26.0	27.0	28.0	29.0	30.0	31.0	32.0	33.0	34.0	35.0	36.0	37.0
O1O2_KO_1_2	1.0	2.0	2.0	2.0	2.0	7.0	149.0	650.0	935.0	978.0	1142.0	1553.0	2201.0	3274.0	6022.0	12103.0	23985.0	40270.0	59197.0	82643.0	113856.0	158725.0	220014.0	308300.0	431456.0	622325.0	927591.0	1507124.0	2986668.0	8770588.0	23374898.0	854216.0
	13.0	14.0	15.0	16.0	17.0	18.0	19.0	20.0	21.0	22.0	23.0	24.0	25.0	26.0	27.0	28.0	29.0	30.0	31.0	32.0	33.0	34.0	35.0	36.0	37.0
O1O2_KO_2_1	2.0	16.0	60.0	120.0	301.0	607.0	1118.0	2121.0	4297.0	8405.0	16530.0	31805.0	60151.0	108220.0	182043.0	289850.0	435519.0	608261.0	821732.0	1092951.0	1489806.0	2317678.0	5247520.0	31883239.0	2806776.0
	5.0	6.0	7.0	8.0	9.0	10.0	11.0	12.0	13.0	14.0	15.0	16.0	17.0	18.0	19.0	20.0	21.0	22.0	23.0	24.0	25.0	26.0	27.0	28.0	29.0	30.0	31.0	32.0	33.0	34.0	35.0	36.0	37.0
O1O2_KO_2_2	1.0	0.0	0.0	4.0	4.0	0.0	8.0	184.0	787.0	1122.0	1285.0	1506.0	1952.0	2671.0	4204.0	7467.0	15016.0	29269.0	50330.0	73692.0	100886.0	137044.0	188395.0	259441.0	360968.0	499559.0	707041.0	1041838.0	1660134.0	3233802.0	9627011.0	28286481.0	1117026.0
	14.0	15.0	16.0	17.0	18.0	19.0	20.0	21.0	22.0	23.0	24.0	25.0	26.0	27.0	28.0	29.0	30.0	31.0	32.0	33.0	34.0	35.0	36.0	37.0
O1W4_KO_1_1	12.0	43.0	98.0	189.0	350.0	688.0	1387.0	2693.0	5501.0	10857.0	21286.0	41075.0	75588.0	132470.0	215816.0	334539.0	483040.0	671113.0	913300.0	1274245.0	2017657.0	4667653.0	27768607.0	2091141.0
	6.0	7.0	8.0	9.0	10.0	11.0	12.0	13.0	14.0	15.0	16.0	17.0	18.0	19.0	20.0	21.0	22.0	23.0	24.0	25.0	26.0	27.0	28.0	29.0	30.0	31.0	32.0	33.0	34.0	35.0	36.0	37.0
O1W4_KO_1_2	2.0	3.0	0.0	2.0	2.0	8.0	126.0	673.0	946.0	1083.0	1190.0	1686.0	2165.0	3280.0	5553.0	10722.0	20356.0	34470.0	50557.0	70388.0	96836.0	133617.0	185895.0	261953.0	368693.0	533101.0	800138.0	1287283.0	2521615.0	7614064.0	25529425.0	1193516.0
	13.0	14.0	15.0	16.0	17.0	18.0	19.0	20.0	21.0	22.0	23.0	24.0	25.0	26.0	27.0	28.0	29.0	30.0	31.0	32.0	33.0	34.0	35.0	36.0	37.0
O1W4_KO_2_1	2.0	11.0	45.0	122.0	257.0	428.0	753.0	1573.0	2851.0	5721.0	10690.0	19983.0	38007.0	68572.0	122014.0	203803.0	327217.0	484296.0	687267.0	948170.0	1332423.0	2118636.0	4851659.0	29257309.0	2485735.0
	6.0	7.0	8.0	9.0	10.0	11.0	12.0	13.0	14.0	15.0	16.0	17.0	18.0	19.0	20.0	21.0	22.0	23.0	24.0	25.0	26.0	27.0	28.0	29.0	30.0	31.0	32.0	33.0	34.0	35.0	36.0	37.0
O1W4_KO_2_2	1.0	3.0	4.0	2.0	2.0	11.0	417.0	2168.0	3205.0	3211.0	3163.0	3456.0	4051.0	5533.0	8417.0	14793.0	25500.0	40812.0	58136.0	79828.0	110956.0	156518.0	219433.0	313214.0	445115.0	650960.0	987237.0	1623968.0	3282691.0	9747471.0	24409065.0	768203.0
	14.0	15.0	16.0	17.0	18.0	19.0	20.0	21.0	22.0	23.0	24.0	25.0	26.0	27.0	28.0	29.0	30.0	31.0	32.0	33.0	34.0	35.0	36.0	37.0
O1W4_OE_1_1	17.0	58.0	106.0	224.0	405.0	880.0	1736.0	3528.0	7169.0	13525.0	26243.0	50238.0	91046.0	157106.0	251297.0	380829.0	538181.0	731205.0	979962.0	1349451.0	2110034.0	4843714.0	28789828.0	2203230.0
	6.0	7.0	8.0	9.0	10.0	11.0	12.0	13.0	14.0	15.0	16.0	17.0	18.0	19.0	20.0	21.0	22.0	23.0	24.0	25.0	26.0	27.0	28.0	29.0	30.0	31.0	32.0	33.0	34.0	35.0	36.0	37.0
O1W4_OE_1_2	4.0	1.0	2.0	6.0	1.0	11.0	222.0	933.0	1231.0	1344.0	1548.0	2088.0	2690.0	4230.0	7460.0	15094.0	29786.0	50005.0	73989.0	104090.0	141345.0	194802.0	267102.0	365893.0	501426.0	708142.0	1037868.0	1665057.0	3300644.0	9523532.0	23676925.0	852541.0
	13.0	14.0	15.0	16.0	17.0	18.0	19.0	20.0	21.0	22.0	23.0	24.0	25.0	26.0	27.0	28.0	29.0	30.0	31.0	32.0	33.0	34.0	35.0	36.0	37.0
O1W4_OE_2_1	1.0	25.0	65.0	164.0	288.0	561.0	1072.0	2043.0	4138.0	8085.0	16284.0	32147.0	60926.0	109946.0	185529.0	292163.0	438075.0	608007.0	816285.0	1083713.0	1471250.0	2290628.0	5162101.0	30907307.0	2683325.0
	6.0	7.0	8.0	9.0	10.0	11.0	12.0	13.0	14.0	15.0	16.0	17.0	18.0	19.0	20.0	21.0	22.0	23.0	24.0	25.0	26.0	27.0	28.0	29.0	30.0	31.0	32.0	33.0	34.0	35.0	36.0	37.0
O1W4_OE_2_2	1.0	1.0	3.0	5.0	3.0	4.0	191.0	774.0	1212.0	1384.0	1693.0	2179.0	3012.0	4406.0	7731.0	15729.0	29983.0	50051.0	72872.0	99113.0	135008.0	184476.0	252536.0	349463.0	480533.0	679632.0	998652.0	1577103.0	3058489.0	9118456.0	27881694.0	1167739.0
	14.0	15.0	16.0	17.0	18.0	19.0	20.0	21.0	22.0	23.0	24.0	25.0	26.0	27.0	28.0	29.0	30.0	31.0	32.0	33.0	34.0	35.0	36.0	37.0
O1_KO_1_1	4.0	27.0	89.0	185.0	373.0	833.0	1613.0	3428.0	7208.0	14407.0	27562.0	51944.0	92849.0	159859.0	261715.0	404443.0	585766.0	814302.0	1107942.0	1528059.0	2356029.0	5079954.0	25849431.0	2087260.0
	6.0	7.0	8.0	9.0	10.0	11.0	12.0	13.0	14.0	15.0	16.0	17.0	18.0	19.0	20.0	21.0	22.0	23.0	24.0	25.0	26.0	27.0	28.0	29.0	30.0	31.0	32.0	33.0	34.0	35.0	36.0	37.0
O1_KO_1_2	1.0	0.0	4.0	7.0	4.0	8.0	82.0	513.0	802.0	914.0	1053.0	1448.0	2023.0	3274.0	6364.0	13167.0	26293.0	45398.0	66310.0	92553.0	126347.0	175558.0	246797.0	348215.0	492495.0	713529.0	1068379.0	1720038.0	3308958.0	9040111.0	22194011.0	740626.0
	14.0	15.0	16.0	17.0	18.0	19.0	20.0	21.0	22.0	23.0	24.0	25.0	26.0	27.0	28.0	29.0	30.0	31.0	32.0	33.0	34.0	35.0	36.0	37.0
O1_KO_2_1	5.0	29.0	69.0	142.0	296.0	540.0	1155.0	2469.0	5392.0	11367.0	23538.0	46045.0	85611.0	149142.0	240716.0	368315.0	525812.0	719908.0	968998.0	1332492.0	2076785.0	4747608.0	28740336.0	2273987.0
	6.0	7.0	8.0	9.0	10.0	11.0	12.0	13.0	14.0	15.0	16.0	17.0	18.0	19.0	20.0	21.0	22.0	23.0	24.0	25.0	26.0	27.0	28.0	29.0	30.0	31.0	32.0	33.0	34.0	35.0	36.0	37.0
O1_KO_2_2	3.0	2.0	2.0	4.0	2.0	9.0	124.0	693.0	950.0	907.0	1145.0	1455.0	2102.0	3343.0	6077.0	13167.0	25448.0	43145.0	64178.0	88589.0	120680.0	167683.0	231426.0	321504.0	444493.0	637578.0	944531.0	1519066.0	3005074.0	8888354.0	24783069.0	1005954.0
	14.0	15.0	16.0	17.0	18.0	19.0	20.0	21.0	22.0	23.0	24.0	25.0	26.0	27.0	28.0	29.0	30.0	31.0	32.0	33.0	34.0	35.0	36.0	37.0
O1_OE_1_1	7.0	31.0	71.0	187.0	387.0	728.0	1696.0	3563.0	7860.0	15969.0	32788.0	63553.0	116048.0	196308.0	311098.0	463663.0	648425.0	874296.0	1159527.0	1566999.0	2383351.0	5127722.0	26746047.0	2093801.0
	7.0	8.0	9.0	10.0	11.0	12.0	13.0	14.0	15.0	16.0	17.0	18.0	19.0	20.0	21.0	22.0	23.0	24.0	25.0	26.0	27.0	28.0	29.0	30.0	31.0	32.0	33.0	34.0	35.0	36.0	37.0
O1_OE_1_2	5.0	1.0	5.0	6.0	10.0	291.0	1140.0	1677.0	1634.0	1742.0	2215.0	3105.0	4605.0	8358.0	16424.0	31560.0	52109.0	74928.0	101909.0	137547.0	187486.0	257732.0	359945.0	498729.0	707919.0	1049429.0	1661124.0	3154675.0	8737460.0	23809699.0	950656.0
	14.0	15.0	16.0	17.0	18.0	19.0	20.0	21.0	22.0	23.0	24.0	25.0	26.0	27.0	28.0	29.0	30.0	31.0	32.0	33.0	34.0	35.0	36.0	37.0
O1_OE_2_1	3.0	35.0	93.0	166.0	307.0	562.0	1060.0	2267.0	4786.0	9804.0	19457.0	38545.0	70474.0	125106.0	205561.0	321453.0	464321.0	646756.0	886796.0	1242861.0	1983631.0	4655534.0	28003776.0	2152980.0
	7.0	8.0	9.0	10.0	11.0	12.0	13.0	14.0	15.0	16.0	17.0	18.0	19.0	20.0	21.0	22.0	23.0	24.0	25.0	26.0	27.0	28.0	29.0	30.0	31.0	32.0	33.0	34.0	35.0	36.0	37.0
O1_OE_2_2	3.0	4.0	3.0	2.0	1.0	118.0	583.0	927.0	1001.0	1218.0	1678.0	2345.0	3370.0	5924.0	11703.0	22305.0	38050.0	55359.0	76696.0	105466.0	146774.0	203261.0	283948.0	395822.0	567408.0	840266.0	1349170.0	2653907.0	8023202.0	25183453.0	862367.0
	13.0	14.0	15.0	16.0	17.0	18.0	19.0	20.0	21.0	22.0	23.0	24.0	25.0	26.0	27.0	28.0	29.0	30.0	31.0	32.0	33.0	34.0	35.0	36.0	37.0
O2W4_KO_1_1	1.0	6.0	51.0	149.0	283.0	426.0	820.0	1547.0	3244.0	6649.0	13763.0	27301.0	52972.0	97155.0	167522.0	270125.0	415666.0	594355.0	818017.0	1110116.0	1533309.0	2413471.0	5572248.0	33435423.0	2708324.0
	6.0	7.0	8.0	9.0	10.0	11.0	12.0	13.0	14.0	15.0	16.0	17.0	18.0	19.0	20.0	21.0	22.0	23.0	24.0	25.0	26.0	27.0	28.0	29.0	30.0	31.0	32.0	33.0	34.0	35.0	36.0	37.0
O2W4_KO_1_2	2.0	3.0	4.0	2.0	3.0	11.0	158.0	812.0	1235.0	1358.0	1560.0	2155.0	2813.0	4204.0	7092.0	13874.0	27129.0	44775.0	65605.0	90558.0	123299.0	171457.0	237712.0	335134.0	468229.0	675072.0	1009953.0	1632255.0	3230416.0	9843235.0	30063149.0	1189679.0
	14.0	15.0	16.0	17.0	18.0	19.0	20.0	21.0	22.0	23.0	24.0	25.0	26.0	27.0	28.0	29.0	30.0	31.0	32.0	33.0	34.0	35.0	36.0	37.0
O2W4_KO_2_1	24.0	67.0	156.0	324.0	515.0	924.0	1752.0	3770.0	7363.0	14928.0	28347.0	53979.0	98147.0	168783.0	272863.0	415975.0	591949.0	813791.0	1097943.0	1511378.0	2371313.0	5419234.0	32995737.0	2848378.0
	7.0	8.0	9.0	10.0	11.0	12.0	13.0	14.0	15.0	16.0	17.0	18.0	19.0	20.0	21.0	22.0	23.0	24.0	25.0	26.0	27.0	28.0	29.0	30.0	31.0	32.0	33.0	34.0	35.0	36.0	37.0
O2W4_KO_2_2	3.0	1.0	4.0	2.0	11.0	205.0	923.0	1347.0	1461.0	1713.0	2250.0	3191.0	4704.0	8053.0	15996.0	31453.0	53589.0	79194.0	108287.0	148135.0	204099.0	281456.0	389584.0	538671.0	766079.0	1133885.0	1833229.0	3649561.0	10795581.0	27729340.0	935633.0
	13.0	14.0	15.0	16.0	17.0	18.0	19.0	20.0	21.0	22.0	23.0	24.0	25.0	26.0	27.0	28.0	29.0	30.0	31.0	32.0	33.0	34.0	35.0	36.0	37.0
O2_KO_1_1	1.0	7.0	44.0	103.0	188.0	450.0	914.0	1812.0	3745.0	7480.0	15152.0	30493.0	57888.0	103716.0	177060.0	279319.0	420849.0	592576.0	809775.0	1089065.0	1492760.0	2303838.0	5131483.0	27655505.0	1883516.0
	7.0	8.0	9.0	10.0	11.0	12.0	13.0	14.0	15.0	16.0	17.0	18.0	19.0	20.0	21.0	22.0	23.0	24.0	25.0	26.0	27.0	28.0	29.0	30.0	31.0	32.0	33.0	34.0	35.0	36.0	37.0
O2_KO_1_2	1.0	5.0	2.0	7.0	8.0	173.0	808.0	1215.0	1355.0	1511.0	1945.0	2740.0	3925.0	6780.0	13940.0	26471.0	45228.0	67137.0	92282.0	126552.0	174282.0	239827.0	333213.0	465281.0	664767.0	986038.0	1562704.0	2975010.0	8320683.0	24807430.0	1136419.0
	13.0	14.0	15.0	16.0	17.0	18.0	19.0	20.0	21.0	22.0	23.0	24.0	25.0	26.0	27.0	28.0	29.0	30.0	31.0	32.0	33.0	34.0	35.0	36.0	37.0
O2_KO_2_1	1.0	13.0	33.0	97.0	165.0	362.0	844.0	1504.0	3166.0	6190.0	11892.0	22434.0	42044.0	75580.0	132898.0	218090.0	340863.0	495647.0	687824.0	937222.0	1298690.0	2037772.0	4625766.0	28410000.0	2428744.0
	6.0	7.0	8.0	9.0	10.0	11.0	12.0	13.0	14.0	15.0	16.0	17.0	18.0	19.0	20.0	21.0	22.0	23.0	24.0	25.0	26.0	27.0	28.0	29.0	30.0	31.0	32.0	33.0	34.0	35.0	36.0	37.0
O2_KO_2_2	2.0	5.0	1.0	2.0	5.0	12.0	153.0	681.0	981.0	999.0	1234.0	1599.0	2189.0	3503.0	6293.0	12969.0	25683.0	44286.0	64870.0	90653.0	124588.0	173961.0	241933.0	339943.0	473913.0	681084.0	1016073.0	1656542.0	3318484.0	9556106.0	23185141.0	753953.0
	13.0	14.0	15.0	16.0	17.0	18.0	19.0	20.0	21.0	22.0	23.0	24.0	25.0	26.0	27.0	28.0	29.0	30.0	31.0	32.0	33.0	34.0	35.0	36.0	37.0
W4_KO_1_1	1.0	8.0	38.0	108.0	243.0	503.0	792.0	1532.0	3010.0	5823.0	11327.0	21905.0	41911.0	77574.0	135239.0	222220.0	342465.0	492940.0	685901.0	930231.0	1294976.0	2039448.0	4727164.0	29172779.0	2124759.0
	6.0	7.0	8.0	9.0	10.0	11.0	12.0	13.0	14.0	15.0	16.0	17.0	18.0	19.0	20.0	21.0	22.0	23.0	24.0	25.0	26.0	27.0	28.0	29.0	30.0	31.0	32.0	33.0	34.0	35.0	36.0	37.0
W4_KO_1_2	1.0	3.0	1.0	2.0	2.0	6.0	196.0	790.0	1231.0	1422.0	1605.0	2029.0	2689.0	3926.0	6394.0	12247.0	23393.0	39427.0	58385.0	81530.0	112294.0	156772.0	216839.0	304358.0	424015.0	609843.0	908156.0	1471504.0	2905643.0	8633129.0	25291976.0	1063089.0
	14.0	15.0	16.0	17.0	18.0	19.0	20.0	21.0	22.0	23.0	24.0	25.0	26.0	27.0	28.0	29.0	30.0	31.0	32.0	33.0	34.0	35.0	36.0	37.0
W4_KO_2_1	15.0	42.0	106.0	224.0	344.0	565.0	1143.0	2411.0	5044.0	10028.0	20366.0	40307.0	76311.0	135619.0	226464.0	352396.0	509926.0	705679.0	958013.0	1324742.0	2078503.0	4792157.0	29091657.0	2227491.0
	6.0	7.0	8.0	9.0	10.0	11.0	12.0	13.0	14.0	15.0	16.0	17.0	18.0	19.0	20.0	21.0	22.0	23.0	24.0	25.0	26.0	27.0	28.0	29.0	30.0	31.0	32.0	33.0	34.0	35.0	36.0	37.0
W4_KO_2_2	4.0	0.0	3.0	0.0	4.0	4.0	200.0	952.0	1407.0	1397.0	1525.0	2017.0	2550.0	3698.0	6762.0	13191.0	25431.0	42426.0	62816.0	87330.0	119260.0	166374.0	230229.0	320209.0	444489.0	635685.0	937128.0	1500478.0	2938764.0	8727974.0	25260761.0	1026485.0
	13.0	14.0	15.0	16.0	17.0	18.0	19.0	20.0	21.0	22.0	23.0	24.0	25.0	26.0	27.0	28.0	29.0	30.0	31.0	32.0	33.0	34.0	35.0	36.0	37.0
W4_OE_1_1	1.0	11.0	38.0	92.0	188.0	363.0	671.0	1355.0	2630.0	5300.0	10698.0	20916.0	41435.0	77506.0	136503.0	223622.0	345572.0	497346.0	689558.0	939046.0	1310970.0	2063698.0	4806646.0	29015354.0	2017741.0
	6.0	7.0	8.0	9.0	10.0	11.0	12.0	13.0	14.0	15.0	16.0	17.0	18.0	19.0	20.0	21.0	22.0	23.0	24.0	25.0	26.0	27.0	28.0	29.0	30.0	31.0	32.0	33.0	34.0	35.0	36.0	37.0
W4_OE_1_2	1.0	1.0	3.0	3.0	2.0	10.0	181.0	848.0	1237.0	1265.0	1477.0	1981.0	2659.0	3851.0	6550.0	12198.0	22061.0	35719.0	51679.0	72340.0	99325.0	138563.0	194151.0	272212.0	384239.0	556123.0	834141.0	1352271.0	2658110.0	7881730.0	26379339.0	1242990.0
	14.0	15.0	16.0	17.0	18.0	19.0	20.0	21.0	22.0	23.0	24.0	25.0	26.0	27.0	28.0	29.0	30.0	31.0	32.0	33.0	34.0	35.0	36.0	37.0
W4_OE_2_1	9.0	44.0	127.0	209.0	421.0	944.0	1713.0	3225.0	6346.0	11782.0	21999.0	41260.0	75205.0	130403.0	213370.0	330986.0	477872.0	665109.0	909473.0	1264775.0	1991164.0	4565335.0	27921006.0	2240392.0
	6.0	7.0	8.0	9.0	10.0	11.0	12.0	13.0	14.0	15.0	16.0	17.0	18.0	19.0	20.0	21.0	22.0	23.0	24.0	25.0	26.0	27.0	28.0	29.0	30.0	31.0	32.0	33.0	34.0	35.0	36.0	37.0
W4_OE_2_2	3.0	2.0	3.0	2.0	5.0	6.0	131.0	716.0	1023.0	1118.0	1338.0	1757.0	2307.0	3575.0	6375.0	12266.0	23232.0	38644.0	56318.0	78209.0	108314.0	150973.0	210687.0	297432.0	414719.0	599170.0	898578.0	1458540.0	2916272.0	8717630.0	23979697.0	894127.0

